;uid[1];codeType[1];libelle[1];libelleEdition[1];libelleAbrege[1];libelleAbrev[1];viMoDe[1];viMoDe[1]/dateDebut[1];viMoDe[1]/dateAgrement[1];viMoDe[1]/dateFin[1];organeParent[1];chambre[1];regime[1];legislature[1];numero[1];lieu[1];lieu[1]/region[1];lieu[1]/region[1]/type[1];lieu[1]/region[1]/libelle[1];lieu[1]/departement[1];lieu[1]/departement[1]/codeNatureDep[1];lieu[1]/departement[1]/code[1];lieu[1]/departement[1]/libelle[1]
;PO52957;CIRCONSCRIPTION;2ème circonscription du Territoire de Belfort;de la circonscription;90 Territoire de Belfort (° 2°);CIRCO;;1981-07-02;;1986-04-01;;;5ème République;7;2;;;Métropolitain;Bourgogne-Franche-Comté;;M;90;Territoire de Belfort
