;uid[1];codeType[1];libelle[1];libelleEdition[1];libelleAbrege[1];libelleAbrev[1];viMoDe[1];viMoDe[1]/dateDebut[1];viMoDe[1]/dateAgrement[1];viMoDe[1]/dateFin[1];organeParent[1];chambre[1];regime[1];legislature[1];secretariat[1];secretariat[1]/secretaire01[1];secretariat[1]/secretaire02[1];listePays[1];listePays[1]/paysRef[1]
;PO856864;GA;France-Angola;de France-Angola;Angola;ANG;;;2024-11-20;;;;5ème République;17;;M. Jon Urtiaga Erneta;;;GOP756548
