;uid[1];uid[1]@xsi:type;etatCivil[1];etatCivil[1]/ident[1];etatCivil[1]/ident[1]/civ[1];etatCivil[1]/ident[1]/prenom[1];etatCivil[1]/ident[1]/nom[1];etatCivil[1]/ident[1]/alpha[1];etatCivil[1]/ident[1]/trigramme[1];etatCivil[1]/infoNaissance[1];etatCivil[1]/infoNaissance[1]/dateNais[1];etatCivil[1]/infoNaissance[1]/villeNais[1];etatCivil[1]/infoNaissance[1]/depNais[1];etatCivil[1]/infoNaissance[1]/paysNais[1];etatCivil[1]/dateDeces[1];profession[1];profession[1]/libelleCourant[1];profession[1]/socProcINSEE[1];profession[1]/socProcINSEE[1]/catSocPro[1];profession[1]/socProcINSEE[1]/famSocPro[1];uri_hatvp[1];adresses[1];adresses[1]/adresse[1];adresses[1]/adresse[1]@xsi:type;adresses[1]/adresse[1]/uid[1];adresses[1]/adresse[1]/type[1];adresses[1]/adresse[1]/typeLibelle[1];adresses[1]/adresse[1]/poids[1];adresses[1]/adresse[1]/adresseDeRattachement[1];adresses[1]/adresse[1]/intitule[1];adresses[1]/adresse[1]/numeroRue[1];adresses[1]/adresse[1]/nomRue[1];adresses[1]/adresse[1]/complementAdresse[1];adresses[1]/adresse[1]/codePostal[1];adresses[1]/adresse[1]/ville[1];adresses[1]/adresse[2];adresses[1]/adresse[2]@xsi:type;adresses[1]/adresse[2]/uid[1];adresses[1]/adresse[2]/type[1];adresses[1]/adresse[2]/typeLibelle[1];adresses[1]/adresse[2]/poids[1];adresses[1]/adresse[2]/adresseDeRattachement[1];adresses[1]/adresse[2]/valElec[1];adresses[1]/adresse[3];adresses[1]/adresse[3]@xsi:type;adresses[1]/adresse[3]/uid[1];adresses[1]/adresse[3]/type[1];adresses[1]/adresse[3]/typeLibelle[1];adresses[1]/adresse[3]/poids[1];adresses[1]/adresse[3]/adresseDeRattachement[1];adresses[1]/adresse[3]/valElec[1];adresses[1]/adresse[4];adresses[1]/adresse[4]@xsi:type;adresses[1]/adresse[4]/uid[1];adresses[1]/adresse[4]/type[1];adresses[1]/adresse[4]/typeLibelle[1];adresses[1]/adresse[4]/poids[1];adresses[1]/adresse[4]/adresseDeRattachement[1];adresses[1]/adresse[4]/valElec[1]
;PA793852;IdActeur_type;;;M.;Pierre;Meurin;Meurin;PME;;1989-11-30;Paris;Paris;France;;;Cadre administratif et commercial d'entreprise;;Cadres d'entreprise;Cadres et professions intellectuelles supérieures;;;;AdressePostale_Type;AD793854;0;Adresse officielle;1;;Assemblée nationale,;126;Rue de l'Université,;;75355;Paris 07 SP;;AdresseMail_Type;AD797958;15;Mèl;;;pierre.meurin@assemblee-nationale.fr;;AdresseSiteWeb_Type;AD800041;24;Twitter;;;@Meurin_P;;AdresseSiteWeb_Type;AD800043;25;Facebook;;;meurinpierre
