;uid[1];acteurRef[1];legislature[1];typeOrgane[1];dateDebut[1];datePublication[1];dateFin[1];preseance[1];nominPrincipale[1];infosQualite[1];infosQualite[1]/codeQualite[1];infosQualite[1]/libQualite[1];infosQualite[1]/libQualiteSex[1];organes[1];organes[1]/organeRef[1]
;PM683928;PA335054;14;CMP;2012-11-06;2012-11-07;2012-11-09;20;1;;Titulaire;Membre titulaire;Membre titulaire;;PO683757
