;uid[1];acteurRef[1];legislature[1];typeOrgane[1];dateDebut[1];datePublication[1];dateFin[1];preseance[1];nominPrincipale[1];infosQualite[1];infosQualite[1]/codeQualite[1];infosQualite[1]/libQualite[1];infosQualite[1]/libQualiteSex[1];organes[1];organes[1]/organeRef[1]
;PM746784;PA608016;15;DELEG;2017-12-20;2017-12-21;2021-09-29;14;1;;Secrétaire;Secrétaire;Secrétaire;;PO744127
