;uid[1];acteurRef[1];legislature[1];typeOrgane[1];dateDebut[1];datePublication[1];dateFin[1];preseance[1];nominPrincipale[1];infosQualite[1];infosQualite[1]/codeQualite[1];infosQualite[1]/libQualite[1];infosQualite[1]/libQualiteSex[1];organes[1];organes[1]/organeRef[1]
;PM824438;PA793672;16;CMP;2023-05-30;2023-05-31;2024-02-06;28;1;;Suppléant;Membre suppléant;Membre suppléante;;PO823746
