;uid[1];acteurRef[1];legislature[1];typeOrgane[1];dateDebut[1];datePublication[1];dateFin[1];preseance[1];nominPrincipale[1];infosQualite[1];infosQualite[1]/codeQualite[1];infosQualite[1]/libQualite[1];infosQualite[1]/libQualiteSex[1];organes[1];organes[1]/organeRef[1]
;PM831781;PA793270;16;CMP;2023-11-16;2023-11-17;2023-12-04;20;1;;Titulaire;Membre titulaire;Membre titulaire;;PO831775
