;uid[1];codeType[1];libelle[1];libelleEdition[1];libelleAbrege[1];libelleAbrev[1];viMoDe[1];viMoDe[1]/dateDebut[1];viMoDe[1]/dateAgrement[1];viMoDe[1]/dateFin[1];organeParent[1];chambre[1];regime[1];legislature[1];numero[1];lieu[1];lieu[1]/region[1];lieu[1]/region[1]/type[1];lieu[1]/region[1]/libelle[1];lieu[1]/departement[1];lieu[1]/departement[1]/codeNatureDep[1];lieu[1]/departement[1]/code[1];lieu[1]/departement[1]/libelle[1]
;PO840031;CIRCONSCRIPTION;5ème circonscription des Hauts-de-Seine;de la circonscription;92 Hauts-de-Seine (° 5°);CIRCO;;2024-07-01;;;;;5ème République;17;5;;;Métropolitain;Ile-de-France;;M;92;Hauts-de-Seine
